
data[0] = 5.230000
data[1] = 8.999000
data[2] = 23.100000
data[3] = 8979.232422
data[4] = 88.211998